56
64,128,231
1192,1755,2061,2142,2027,2171
293,528,460,587
614,777,675,755,699
2315,4836,3024,3789,2418,4685,4996
272,593,300,546
222,227,582,325
2395,2541,2633,4954,3847,4426,4898
303,395,500,542
65,67,205
27,144,126
1115,2393,2043,2276,1466,1889
61,188,139
1050,1661,1181,1999,1966,2287
6002,6003,6007,6006
3454,3480,4589,4924,3930,4075,4671
91,223,94
94,237,114
2375,2504,3275,4338,2803,4258,2619
338,564,501,382
6002,6003,6004,6008,6007,6006
255,271,296
877,1041,1054,903,996
2651,3516,4699,4210,3055,3004,3367
1436,1710,2113,2165,2250,2052
745,1124,1066,799,835
2311,2824,4463,3871,3926,3610,4892
2323,3967,2515,3059,4589,4785,3902
23,179,121
150,194,192
1131,1780,1627,2196,2112,1630
259,409,299,558
1010,1129,1067,1163,1162
234,505,413,485
628,1077,1143,826,757
26,214,198
242,440,434,476
1005,1359,2246,1436,1594,1375
208,375,447,383
2563,3761,3196,3635,3586,4098,4407
513,1226,1160,521,1245
94,145,234
1609,1776,1707,2414,1782,1703
1359,2391,1763,2112,1655,1627
652,1190,1129,993,961
6001,6002,6003,6007,6006,6005
24,159,83
2921,3541,3574,3742,3488,2990,4147
158,295,175
437,572,501,456
18,197,56
2666,4459,3708,3490,2934,3453,4281
1627,2196,2112,1655
58,164,149
551,569,748,708,575
1195,1931,2354,1697,2099,1574
